0,2,7,13,15,16,17,19,21,24,28,33,34,36,37,44,45,47,50,52,53,57,61,64,68,69,72,73,76,87,95,96,98,100,104,106,109,110,112,113,118,119,120,121,122,125,126,127,135,136,142,144,147,151,153,154,155,157,158,159,167,168,169,177,180,186,189,190,193,194,198,199,200,202,203,204,205,206,209,210,213,214,218,232,237,250,268,270,274,296
1,4,8,11,12,18,27,29,35,38,39,42,43,56,59,62,65,66,71,74,75,80,88,90,92,94,99,103,105,107,108,117,124,128,131,132,134,139,143,145,148,156,162,164,171,175,176,178,181,182,183,184,187,188,192,195,208,212,216,224,226,231,241,245,246,249,251,254,260,263,271,275,277,278,280,286,287,288,290,293,295,299,300,303
3,6,14,20,23,25,26,30,31,32,40,55,58,63,67,70,77,78,79,82,84,85,89,93,97,102,111,114,115,116,123,129,130,137,140,146,149,152,166,170,172,191,197,201,207,211,215,217,219,220,225,228,233,234,238,239,240,253,255,257,262,264,265,267,272,273
5,48,161,236
9,22,41,49,51,91,101,138,163
10
46,291
54,252,261
60,284,289
81,86
83
133,221,313
141,223,229
150,285,302,304
160
165
173,256,276,283,307,311,312
174
179
185,248,266,316
196,235,279,282,301,309,310,315,319,323
222
227,259
230,258,269,297,308
242,244
243
247
281,314,320,321,322
292
294,305,317,318
298
306
