0,3,23,67,104
1,2,10,27,29,45,47,53,61,64,66,68,69,73,80,87,88,96,98,100,106,107,109,110,112,116,118,120,122,135,142,147,149,151,154,158,164,168,169,170,172,177,180,186,197,200,203,204,205,209,213,214,237,240,250,268,270,274,284,289
4,8,18
5,12,35,59,62,71,78,92,99,108,130,132,143,156,167,175,182,184,190,193,199,210
6,16,79,94,123,129,134,137,146,148,165,166,178,191,202,207,215,217,219,220,221,224,225,228,238,239,253,262,263,264,265,266,272,273,277,280,282,291,296,318,321,322
7,24,28,43,44,57,76,95,114,119,127,136,144,189
9,22,41,48,49,51,91,101,138,152,161,163,173,174,179,185,248
11,81
13,17,33,36,52
14,25,26,30,31,32,55,58,60,63,70,82,84,85,89,93,97,102,111,115
15,19,20,34,37,38,39,42,50,56,72,74,90,105,113,117,121,124,125,126,128,153,155,157,159,194,206,235,244
21,140,145,150,162,181,201,208,231,236,241,246,251,254,255,256,257,281,288,290,293,302,304,307,309,311,314,320
40
46,65,75,77,103,131,133,139,141,171,176,183,188,192,195,211,212,216,218,223,226,229,230,233,234,245,249,258,260,267,269,271,275,276,278,283,285,286,287,292,294,295,297,299,300,305,308,310,313,315,316,317
54,187,196,198,232,242,252,261
83
86,222,303,306,312,319
160
227,259
243
247,279,301,323
298
