0,7,24,28,43
1,29,35,65,66,75,80,88,103,107,108,132,143,156,164,175,182
2,10,21,47,53,61,64,68,87,98,109,110,112,118,120,122,135,142,147,151,154,158,168,169,177,180,186,200,203,204,205,209,213,214,237,250,268,270,274,284,289
3,23,44,67,76,95,104,114,115,119,127,136,144,167,184,189,190,193,199,210
4,8,18,27
5,16,46,77,131,133,137,139,141,171,176,183,188,192,202,211,212,217,218,221,223,226,229,230,234,238,258,263,265,267,269,275,283,285,292,293,294,297,300,303,308,310,313,315,317
6,60,63,79,116,123,129,130,134,146,148,149,166,170,172,178,191,197,207,215,216,219,220,224,225,228,233,239,240,249,253,255,260,262,264,272,273,277,280,282,291,299,305,312,314,316,318,321,322
9,22,41,48,49,51,91,101,138,152,161,163,173,174,179,185,248
11,81
12,26,59,62,71,78,92,99
13,17,33,36,45,52,57,69,73,96,100,106
14,25,30,31,32,55,58,70,82,84,85,89,93,97,102,111
15,19,20,34,37,38,39,42,50,56,72,74,90,105,113,121,124,125,126,128,153,155,157,159,194,206,235,242,244
40
54,94,181,187,196,198,232,252,261
83,222,266,296,306,319
86,117,140,145,150,162,195,201,208,231,236,241,245,246,251,254,256,257,271,276,278,279,281,286,287,288,290,295,301,302,304,307,309,311,320,323
160
165
227,259
243
247
298
